00 01 00 00 - - 111 00 000 0 0000000
000 001 010 01 10 000 000 00 000 0 0000000
00 01 00 00 - - 111 00 000 0 0000000  
000 001 011 10 01 000 000 00 000 0 0000000  
010 011 100 00 00 000 000 00 000 0 0000000
00 01 00 00 - - 111 00 000 0 0000000  
100 100 101 01 10 000 000 00 000 0 0000000  


00 01 00 00 - - 111 00 000 0 0000000              
000 001 010 01 10 000 000 00 000 0 0000010
00 01 00 00 - - 111 00 000 0 0000000   
000 001 011 10 01 000 000 00 000 0 0000010  
010 011 100 00 00 001 000 00 001 1 0000111
00 01 00 00 - - 111 00 000 0 0000000   
100 100 101 01 10 000 000 00 000 0 0000010  
            
010 011 100 00 00 010 000 00 000 0 0000010
00 01 00 00 - - 111 00 000 0 0000000   
100 100 101 10 11 000 000 00 000 0 0000010  
            
            
000 001 010 00 00 100 000 00 000 0 0000000             
            
            
            
            
            
            
            
            
            
            
            
            
            
            
            
            
            
            
            
            
            
            
            
            
            
            
            
            
            
            
            
            
            
            
            
            
            
            
            
            
            
            
            
            
            
            
            
            
            
            
            
            
            
            
            
            
            
            
            
            
            
            
            
            
            
            
            
            
            
            
            
            
            
            
            
            
            
            
            
            
            
            
            
            
            
            
            
            
            
            
            
            
            
            
            
            
            
            
            
            
            
            
            
            
            
            
            
            
            
            
            
            
            
            
            
            
